SC	0	0	0	1	0	0	0	0	1		SC,0
BL	0	0	0	1	0	0	0	0	1		BL,0
SL	0	0	0	1	0	0	0	0	0		SL,0
SC	1	0	1	0	0	0	0	0	0		SC,1
BL	1	0	1	1	0	0	0	0	0		BL,1
SL	1	0	0	0	1	0	0	0	0		SL,1
SL	1	0	1	0	0	0	0	0	0		SL,1
SC	2	0	0	0	0	0	0	0	1	not sure which is the best for this	SC,2
BL	2	1	0	0	0	0	0	1	0		BL,2
SL	2	0	0	0	0	0	1	0	0		SL,2
SL	2	0	0	0	0	0	0	1	0		SL,2
SC	3	0	0	0	1	0	0	0	0		SC,3
BL	3	0	0	0	1	0	0	1	0		BL,3
SL	3	0	0	1	0	0	0	0	0		SL,3
SL	3	0	0	0	0	0	0	1	0		SL,3
SC	4	0	1	0	0	0	0	0	0		SC,4
BL	4	0	0	0	0	0	1	0	0		BL,4
SL	4	0	1	0	0	0	0	0	0		SL,4
SL	4	0	0	0	0	0	0	1	0		SL,4
SC	5	0	0	0	1	0	0	0	0		SC,5
BL	5	0	0	0	1	0	0	0	0		BL,5
SL	5	0	0	0	1	0	0	0	0		SL,5
SL	5	0	0	0	1	0	0	0	0		SL,5
SC	6	0	0	1	0	0	0	0	0		SC,6
BL	6	0	0	1	0	0	0	0	0		BL,6
SL	6	0	0	1	0	0	0	0	0		SL,6
SL	6	0	0	1	0	0	0	0	0		SL,6
SC	7	0	0	0	1	0	0	0	0		SC,7
SC	7	0	0	0	1	1	0	0	0		SC,7
BL	7	0	1	0	0	0	0	0	1		BL,7
SL	7	0	0	0	0	0	0	1	0		SL,7
SL	7	0	0	0	0	0	0	1	0		SL,7
SC	8	0	0	0	1	1	0	0	0		SC,8
BL	8	0	0	0	0	0	1	0	0		BL,8
SL	8	0	0	0	0	1	0	0	0		SL,8
SL	8	1	0	0	0	0	0	0	0		SL,8
SC	9	0	1	0	1	0	0	0	1		SC,9
BL	9	1	0	0	0	0	0	1	0		BL,9
SL	9	0	0	0	0	0	0	1	0		SL,9
SL	9	0	0	0	0	0	0	1	0		SL,9
SC	10	1	0	0	0	0	0	0	0		SC,10
BL	10	1	0	0	0	0	0	1	0		BL,10
SL	10	0	0	0	0	0	0	1	0		SL,10
SL	10	0	0	0	0	0	0	1	0		SL,10
SC	11	0	0	0	0	1	1	1	0		SC,11
BL	11	0	0	0	1	0	0	0	0		BL,11
SL	11	0	0	0	0	0	0	1	0		SL,11
SL	11	0	0	0	1	0	0	0	0		SL,11
SC	12	0	0	0	1	0	0	1	0		SC,12
BL	12	0	0	1	0	0	0	0	0		BL,12
SL	12	0	0	0	0	0	0	1	0		SL,12
SL	12	0	0	0	0	0	0	1	0		SL,12
SC	13	1	0	0	0	0	0	0	0		SC,13
BL	13	0	0	0	1	0	0	1	0		BL,13
SL	13	0	1	0	0	0	0	0	0		SL,13
SL	13	0	0	0	1	0	0	0	0		SL,13
SC	14	0	0	0	0	1	0	0	0		SC,14
BL	14	0	0	1	0	0	0	0	1		BL,14
SL	14	0	0	0	0	0	1	0	0		SL,14
SL	14	0	0	0	0	0	0	1	0		SL,14
SC	15	1	0	0	0	0	0	0	0		SC,15
SC	15	1	0	0	0	0	0	0	0		SC,15
SC	15	1	0	0	0	0	0	0	0		SC,15
BL	15	0	0	1	0	0	0	0	0		BL,15
SL	15	0	1	0	0	0	0	0	0		SL,15
SL	15	0	0	0	0	0	1	0	0		SL,15
SC	16	1	0	0	0	0	0	0	0		SC,16
SL	16	0	0	0	0	1	0	0	0		SL,16
BL	16	0	0	0	1	0	0	0	0		BL,16
SL	16	0	0	0	0	0	0	1	0		SL,16
SC	17	0	1	0	0	1	0	0	0		SC,17
SL	17	0	1	0	0	0	0	0	0		SL,17
BL	17	0	1	0	0	0	0	0	0		BL,17
SL	17	0	0	0	0	0	0	1	0		SL,17
SC	18	0	1	0	0	0	0	0	0		SC,18
SL	18	0	1	0	0	0	0	0	0		SL,18
BL	18	0	1	0	0	0	0	0	0		BL,18
SL	18	0	1	0	0	0	0	0	0		SL,18
SC	19	0	0	1	0	0	0	0	0		SC,19
SL	19	0	0	0	1	0	0	0	0		SL,19
BL	19	0	0	1	0	0	0	0	1		BL,19
SL	19	1	0	0	0	0	0	0	0		SL,19
SC	20	0	0	0	0	0	0	0	0	match？？？	SC,20
SL	20	0	0	0	0	0	0	1	0		SL,20
BL	20	0	0	0	0	0	0	0	1	not fake news	BL,20
SL	20	0	1	0	0	0	0	0	0		SL,20
SC	21	0	0	0	0	0	0	0	0	match？？？	SC,21
SL	21	0	0	0	0	0	0	1	0		SL,21
BL	21	0	0	0	0	0	0	0	1	not fake news	BL,21
SL	21	0	0	0	0	0	0	1	0		SL,21
SC	22	1	0	0	0	0	0	0	0		SC,22
SL	22	1	0	0	0	0	0	0	0		SL,22
BL	22	1	0	0	0	0	0	1	0		BL,22
SL	22	0	0	0	0	0	0	1	0		SL,22
SC	23	1	0	0	0	1	0	0	0		SC,23
SL	23	0	0	0	0	0	0	1	0		SL,23
BL	23	0	0	0	0	0	0	0	1	not fake news	BL,23
SL	23	0	0	0	0	0	0	1	0		SL,23
SC	24	0	0	0	0	0	0	1	0		SC,24
SL	24	0	0	0	0	0	0	1	0		SL,24
BL	24	0	0	0	0	0	0	1	0		BL,24
SL	24	0	0	0	0	0	0	1	0		SL,24
SC	25	0	0	0	0	0	0	1	0		SC,25
SL	25	0	0	0	0	0	0	1	0		SL,25
BL	25	0	0	0	0	0	1	1	0		BL,25
SL	25	0	0	0	0	0	1	0	0		SL,25
SC	26	1	0	0	0	0	0	0	0		SC,26
SL	26	0	0	0	0	0	0	1	0		SL,26
BL	26	0	0	1	0	0	0	0	0		BL,26
SL	26	0	0	0	0	0	0	1	0		SL,26
SC	27	0	0	0	1	0	0	1	0		SC,27
SL	27	0	0	0	0	0	0	1	0		SL,27
BL	27	1	0	0	0	0	0	0	1		BL,27
SL	27	0	0	0	0	0	0	1	0		SL,27
SC	28	0	0	0	1	1	0	0	0		SC,28
SL	28	0	0	1	0	0	0	0	0		SL,28
BL	28	0	1	0	0	0	0	0	0		BL,28
SL	28	0	0	0	0	0	0	1	0		SL,28
SC	29	0	0	0	0	1	0	0	0		SC,29
SL	29	0	0	0	0	0	1	0	0		SL,29
BL	29	0	0	0	0	0	0	1	1		BL,29
SL	29	0	1	0	0	0	0	0	0		SL,29
SC	30	0	1	0	0	0	0	0	0		SC,30
SL	30	0	0	0	0	1	0	0	0		SL,30
BL	30	1	0	0	0	0	0	0	0		BL,30
SL	30	0	0	0	0	1	0	0	0		SL,30
SC	31	1	0	0	0	0	0	0	0		SC,31
SL	31	0	1	0	0	0	0	0	0		SL,31
BL	31	0	1	0	0	0	0	0	1		BL,31
SL	31	0	1	0	0	0	0	0	0		SL,31
SC	32	0	1	0	0	1	0	0	0		SC,32
SL	32	0	1	0	0	0	0	0	0		SL,32
BL	32	0	1	1	0	0	0	0	0		BL,32
SL	32	0	1	0	0	0	0	0	0		SL,32
SC	33	0	1	0	0	1	0	0	0		SC,33
SL	33	0	0	0	0	0	0	1	0		SL,33
BL	33	0	1	0	0	0	0	1	1		BL,33
SL	33	0	0	0	0	0	0	1	0		SL,33
SC	34	0	0	0	0	1	0	0	1		SC,34
SL	34	0	0	0	1	0	0	0	0		SL,34
BL	34	0	1	0	0	0	0	0	1		BL,34
SL	34	0	0	0	0	1	0	0	0		SL,34
SC	35	0	0	0	0	1	0	0	0		SC,35
SL	35	0	0	0	0	0	0	1	0		SL,35
BL	35	0	1	0	0	0	0	1	0		BL,35
SL	35	0	0	0	0	0	0	1	0		SL,35
SC	36	0	0	0	0	0	0	0	0	not sure which is the best for this	SC,36
SL	36	0	0	1	0	0	0	0	0		SL,36
BL	36	0	1	1	0	0	0	0	0		BL,36
SL	36	0	0	0	1	0	0	0	0		SL,36
SC	37	0	1	0	0	0	0	0	0		SC,37
SL	37	0	1	0	0	0	0	0	0		SL,37
BL	37	0	1	0	0	0	0	0	0		BL,37
SL	37	0	0	0	0	0	0	1	0		SL,37
SC	38	0	1	0	0	0	0	0	0		SC,38
SL	38	1	0	0	0	0	0	0	0		SL,38
BL	38	1	1	0	0	0	0	0	0		BL,38
SL	38	0	1	0	0	0	0	0	0		SL,38
SC	39	0	1	0	0	0	0	0	0		SC,39
SL	39	0	0	0	1	0	0	0	0		SL,39
BL	39	0	1	0	0	0	1	0	0		BL,39
SL	39	0	0	1	0	0	0	0	0		SL,39
SC	40	1	0	0	0	0	0	0	0		SC,40
SL	40	0	0	1	0	0	0	0	0		SL,40
BL	40	0	0	1	0	0	0	0	0		BL,40
SL	40	0	0	1	0	0	0	0	0		SL,40
SC	41	0	1	0	0	0	0	0	0		SC,41
SL	41	0	0	0	0	0	0	1	0		SL,41
BL	41	0	1	0	0	0	0	0	1		BL,41
SL	41	0	0	0	0	0	0	1	0		SL,41
SC	42	0	1	0	0	0	0	0	0		SC,42
SL	42	0	0	0	0	0	0	1	0		SL,42
BL	42	0	0	0	0	0	0	0	1	not fake news	BL,42
SL	42	0	0	0	0	0	0	1	0		SL,42
SC	43	0	1	0	0	0	0	0	0		SC,43
SL	43	0	0	0	0	0	0	1	0		SL,43
BL	43	1	0	0	0	0	0	0	1		BL,43
SL	43	0	0	0	0	0	0	1	0		SL,43
SC	44	0	1	0	0	0	0	0	0		SC,44
SL	44	0	0	1	0	0	0	0	0		SL,44
BL	44	0	1	0	0	0	0	0	1		BL,44
SL	44	0	0	0	0	0	0	1	0		SL,44
SC	45	1	0	0	0	0	0	0	0		SC,45
SL	45	0	0	0	0	0	0	1	0		SL,45
BL	45	0	0	0	0	0	0	1	0		BL,45
SL	45	0	0	0	0	0	0	1	0		SL,45
SC	46	0	0	0	0	1	0	0	0		SC,46
SL	46	0	0	0	0	1	0	0	0		SL,46
BL	46	0	0	0	0	0	1	0	0		BL,46
SL	46	0	1	0	0	0	0	0	0		SL,46
SC	47	1	0	0	0	0	0	0	0		SC,47
SL	47	0	0	0	0	0	0	1	0		SL,47
BL	47	1	0	0	0	0	0	0	0		BL,47
SL	47	0	0	0	0	0	0	1	0		SL,47
SC	48	0	1	0	0	0	0	0	0		SC,48
SL	48	0	0	0	0	0	0	1	0		SL,48
BL	48	0	0	0	0	0	0	0	1	not fake news	BL,48
SL	48	0	0	0	0	0	0	1	0		SL,48
SC	49	0	1	1	0	0	0	0	0		SC,49
SL	49	0	0	1	0	0	0	0	0		SL,49
BL	49	0	0	0	0	1	0	0	1		BL,49
SL	49	0	1	0	0	0	0	0	0		SL,49
SC	50	0	1	0	0	0	0	0	0		SC,50
SL	50	0	0	0	1	0	0	0	0		SL,50
BL	50	0	0	0	1	0	0	0	0		BL,50
SL	50	0	0	0	0	0	0	1	0		SL,50
SC	51	0	0	0	0	1	0	0	0		SC,51
SL	51	0	0	0	0	1	0	0	0		SL,51
BL	51	1	0	0	0	0	0	0	0		BL,51
SL	51	0	0	0	0	0	0	1	0		SL,51
SC	52	0	0	0	1	1	0	0	0		SC,52
SL	52	0	0	0	0	1	0	0	0		SL,52
BL	52	0	1	0	0	0	1	0	0		BL,52
SL	52	0	0	0	1	0	0	0	0		SL,52
SC	53	0	0	0	0	1	0	0	0		SC,53
SL	53	0	0	0	0	0	0	1	0		SL,53
BL	53	0	0	0	0	0	0	0	1	not fake news	BL,53
SL	53	0	0	0	0	0	0	1	0		SL,53
SC	54	0	0	1	0	0	0	1	0		SC,54
SL	54	0	0	0	1	0	0	0	0		SL,54
BL	54	1	0	0	0	0	0	1	0		BL,54
SL	54	0	0	0	0	0	0	1	0		SL,54
SC	55	0	0	0	1	0	0	0	0		SC,55
SL	55	0	0	0	1	0	0	0	0		SL,55
BL	55	0	0	0	0	0	0	0	1	not fake news	BL,55
SL	55	0	0	0	1	0	0	0	0		SL,55
SC	56	0	0	0	0	1	0	0	0		SC,56
SL	56	0	0	1	0	0	0	0	0		SL,56
BL	56	0	0	1	0	0	0	0	0		BL,56
SL	56	0	0	0	0	0	0	1	0		SL,56
SC	57	0	1	0	0	0	0	0	0		SC,57
SL	57	0	0	1	0	0	0	0	0		SL,57
BL	57	0	0	0	0	0	0	0	0	not fake news	BL,57
SL	57	0	1	0	0	0	0	0	0		SL,57
SC	58	0	1	0	0	0	0	0	0		SC,58
SL	58	0	0	0	0	0	0	1	0		SL,58
BL	58	0	0	0	0	0	0	0	0	not fake news	BL,58
SL	58	0	0	0	1	0	0	0	0		SL,58
SC	59	0	1	1	0	0	0	0	0		SC,59
SL	59	0	1	0	0	0	0	0	0		SL,59
BL	59	0	0	1	0	0	0	0	0		BL,59
SL	59	0	1	0	0	0	0	0	0		SL,59
SC	60	0	1	0	0	0	0	0	0		SC,60
SL	60	0	0	0	0	0	0	1	0		SL,60
BL	60	0	0	0	0	0	0	0	0	not fake news	BL,60
SL	60	0	0	1	0	0	0	0	0		SL,60
SC	61	0	1	0	0	1	0	0	0		SC,61
SL	61	1	0	0	0	0	0	0	0		SL,61
BL	61	0	1	0	0	0	0	0	0		BL,61
SL	61	0	0	0	0	0	0	1	0		SL,61
SC	62	0	0	0	1	1	0	0	0		SC,62
BL	62	0	0	0	0	0	0	0	0	not fake news	BL,62
SL	62	0	0	1	0	0	0	0	0		SL,62
SC	63	0	1	1	0	0	0	0	0		SC,63
BL	63	0	0	0	0	0	0	0	0	not fake news	BL,63
SL	63	0	0	1	0	0	0	0	0		SL,63
SC	64	0	1	0	1	0	0	0	0		SC,64
BL	64	0	0	1	0	0	1	0	1		BL,64
SL	64	0	0	0	0	0	0	1	0		SL,64
SC	65	0	0	0	1	1	0	0	0		SC,65
BL	65	0	0	0	0	0	0	0	0		BL,65
SL	65	0	0	0	0	0	0	1	0		SL,65
SC	66	0	0	1	0	1	0	0	1		SC,66
BL	66	0	0	0	0	0	0	0	0	not fake news	BL,66
SL	66	0	0	1	0	0	0	0	0		SL,66
SC	67	0	0	0	1	0	0	0	0		SC,67
BL	67	0	0	1	0	0	0	0	0		BL,67
SL	67	0	0	0	0	0	0	1	0		SL,67
SC	68	0	1	1	0	0	0	0	0		SC,68
BL	68	0	0	1	0	0	0	0	0		BL,68
SL	68	0	0	1	0	0	0	0	0		SL,68
SC	69	1	0	0	0	0	0	0	0		SC,69
BL	69	1	1	0	0	0	0	0	0		BL,69
SL	69	0	0	0	0	0	0	1	0		SL,69
SC	70	1	0	0	0	0	0	0	0		SC,70
BL	70	0	0	0	0	0	1	0	0		BL,70
SL	70	0	0	0	0	0	0	1	0		SL,70
SC	71	0	1	1	0	0	0	0	0		SC,71
BL	71	0	0	1	0	0	0	0	0		BL,71
SL	71	0	0	1	0	0	0	0	0		SL,71
SC	72	0	1	1	0	0	0	0	0		SC,72
BL	72	0	0	1	0	0	0	1	0		BL,72
SL	72	0	0	0	0	0	0	1	0		SL,72
SC	73	1	0	0	0	0	0	0	0		SC,73
BL	73	0	0	0	0	0	0	1	0		BL,73
SL	73	0	0	0	0	0	0	1	0		SL,73
SC	74	0	0	0	0	1	0	0	0		SC,74
BL	74	0	1	0	0	0	0	0	0		BL,74
SL	74	0	0	0	1	0	0	0	0		SL,74
SC	75	0	0	0	0	1	0	0	0		SC,75
BL	75	0	0	0	1	1	0	0	0		BL,75
SL	75	0	0	0	1	0	0	0	0		SL,75
SC	76	0	1	0	0	0	0	0	0		SC,76
BL	76	0	0	1	0	0	0	0	0		BL,76
SL	76	0	1	0	0	0	0	0	0		SL,76
SC	77	0	1	0	0	0	0	0	0		SC,77
BL	77	0	0	1	0	0	0	0	0		BL,77
SL	77	0	0	1	0	0	0	0	0		SL,77
SC	78	0	0	0	0	1	0	0	0		SC,78
BL	78	1	0	0	0	0	0	0	0		BL,78
SL	78	0	0	0	0	0	0	1	0		SL,78
SC	79	0	0	0	0	0	0	1	0		SC,79
BL	79	0	0	1	0	0	0	0	0		BL,79
SL	79	0	0	0	0	0	0	1	0		SL,79
SC	80	0	0	0	0	1	0	0	0		SC,80
BL	80	0	1	0	0	0	0	0	0		BL,80
SL	80	0	0	0	0	0	0	1	0		SL,80
SC	81	1	0	0	0	0	0	0	0		SC,81
BL	81	0	0	0	1	0	0	0	0		BL,81
SL	81	0	0	0	1	0	0	0	0		SL,81
SC	82	1	0	1	0	0	0	0	0		SC,82
BL	82	0	0	0	0	0	0	1	0		BL,82
SL	82	0	0	0	0	0	0	1	0		SL,82
SC	83	1	0	1	0	0	0	0	0		SC,83
BL	83	0	1	1	0	0	0	0	0		BL,83
SL	83	0	0	0	0	0	0	1	0		SL,83
SC	84	0	0	1	0	0	0	0	0		SC,84
BL	84	0	0	1	0	0	0	0	0		BL,84
SL	84	0	0	1	0	0	0	0	0		SL,84
SC	85	0	0	1	0	1	0	0	0		SC,85
BL	85	0	0	1	0	0	0	0	0		BL,85
SL	85	0	0	0	0	0	0	1	0		SL,85
SC	86	0	0	0	0	1	0	0	0		SC,86
BL	86	0	0	1	0	0	0	0	0		BL,86
SL	86	0	0	0	0	0	0	1	0		SL,86
SC	87	0	0	0	0	1	0	0	0		SC,87
BL	87	0	0	0	0	0	1	0	0		BL,87
SL	87	0	1	0	0	0	0	0	0		SL,87
SC	88	1	0	0	0	1	0	0	0		SC,88
BL	88	0	0	0	1	0	0	1	0		BL,88
SL	88	0	0	0	0	0	0	1	0		SL,88
SC	89	0	0	0	0	1	0	0	0		SC,89
BL	89	1	0	0	0	0	0	1	0		BL,89
SL	89	0	0	0	0	0	0	1	0		SL,89
SC	90	1	0	0	0	0	0	0	0		SC,90
BL	90	0	0	0	0	0	0	0	0	not fake news	BL,90
SL	90	0	0	0	0	0	0	1	0		SL,90
SC	91	0	0	0	0	0	0	0	0	????	SC,91
BL	91	0	0	0	0	0	0	0	0	not fake news	BL,91
SL	91	0	0	0	0	0	0	1	0		SL,91
SC	92	0	0	0	1	1	0	0	0		SC,92
BL	92	0	0	0	1	0	0	0	0		BL,92
SL	92	0	0	0	1	0	0	0	0		SL,92
SC	93	1	0	0	0	0	0	0	0		SC,93
BL	93	1	0	0	0	0	0	0	0		BL,93
SL	93	0	0	0	0	0	0	1	0		SL,93
SC	94	0	0	0	0	1	0	0	0	half true?	SC,94
BL	94	0	0	1	1	0	0	0	0		BL,94
SL	94	0	0	0	1	0	0	0	0		SL,94
SC	95	0	0	0	0	0	1	0	0		SC,95
BL	95	0	1	0	0	0	0	0	0		BL,95
SL	95	0	0	0	0	0	0	1	0		SL,95
SC	96	0	0	1	0	0	0	0	0		SC,96
BL	96	0	0	1	0	0	0	0	0		BL,96
SL	96	0	0	1	0	0	0	0	0		SL,96
SC	97	0	0	0	0	1	0	0	0		SC,97
BL	97	0	0	0	0	0	0	0	0	not fake news	BL,97
SL	97	0	0	0	0	0	0	1	0		SL,97
SC	98	0	0	0	0	0	0	0	0	true?	SC,98
BL	98	0	0	0	0	0	0	0	0	not fake news	BL,98
SL	98	0	1	0	0	0	0	0	0		SL,98
SC	99	0	0	0	0	1	0	0	0		SC,99
BL	99	0	0	0	0	0	0	0	0	not fake news	BL,99
SL	99	0	0	0	0	0	0	1	0		SL,99
SC	100	0	0	0	0	1	0	0	0		SC,100
SC	100	0	0	0	0	1	0	0	0		SC,100
SC	100	0	1	0	0	0	0	0	0		SC,100
BL	100	0	0	0	1	0	0	0	0		BL,100
SL	100	0	0	0	0	0	0	1	0		SL,100
SC	101	0	0	1	0	0	0	0	0		SC,101
BL	101	0	0	1	0	0	0	0	0		BL,101
SC	102	0	0	0	1	0	0	0	0		SC,102
BL	102	0	0	0	1	0	0	0	0		BL,102
SC	103	1	0	0	0	0	0	0	0		SC,103
BL	103	0	1	0	0	0	0	0	0		BL,103
SC	104	0	0	0	1	0	0	0	0		SC,104
BL	104	0	0	0	1	0	0	0	0		BL,104
SC	105	0	1	0	0	0	0	0	0		SC,105
BL	105	0	0	1	1	0	0	0	0		BL,105
SC	106	0	1	0	0	0	0	0	0		SC,106
BL	106	0	1	0	0	0	0	0	0		BL,106
SC	107	0	0	0	0	1	0	0	0		SC,107
BL	107	0	1	0	0	0	0	0	0		BL,107
SC	108	0	0	1	0	0	0	0	1		SC,108
BL	108	0	0	1	0	0	0	0	0		BL,108
SC	109	0	0	0	0	0	0	0	0	partially accurate	SC,109
BL	109	0	1	0	0	0	0	0	0		BL,109
SC	110	1	0	0	0	0	0	0	0		SC,110
BL	110	0	0	0	0	0	0	1	0		BL,110
SC	111	0	0	0	0	1	0	0	0		SC,111
BL	111	0	0	1	0	0	0	0	0		BL,111
SC	112	1	1	0	0	0	0	0	0		SC,112
SC	112	1	1	0	0	0	0	0	0		SC,112
BL	112	0	1	0	0	0	0	1	0		BL,112
SC	113	0	0	1	0	0	0	0	0		SC,113
BL	113	0	0	0	0	0	1	0	0		BL,113
SC	114	1	0	1	0	0	0	0	0		SC,114
BL	114	0	0	1	0	0	0	0	0		BL,114
SC	115	0	0	1	0	0	0	0	0		SC,115
BL	115	1	0	0	0	0	0	0	0		BL,115
SC	116	1	0	0	0	0	0	0	1		SC,116
BL	116	0	0	0	1	0	0	1	0		BL,116
SC	117	0	1	0	0	0	0	0	0		SC,117
BL	117	0	0	0	0	0	1	0	0		BL,117
SC	118	0	0	1	0	0	0	0	0		SC,118
BL	118	0	0	1	0	0	1	0	0		BL,118
SC	119	0	1	0	0	0	0	0	0		SC,119
BL	119	0	0	0	0	0	0	0	0	not fake news	BL,119
SC	120	0	0	1	0	0	0	0	0		SC,120
BL	120	0	0	1	0	0	0	0	0		BL,120
SC	120	0	0	1	0	0	0	0	0		SC,120
SC	121	0	1	1	0	0	0	0	0		SC,121
BL	121	0	1	0	0	0	0	0	0		BL,121
SC	122	0	0	1	0	0	0	0	0		SC,122
BL	122	0	0	1	0	0	0	1	0		BL,122
SC	123	0	0	1	0	0	0	0	0		SC,123
BL	123	0	0	1	0	0	1	0	0		BL,123
SC	124	0	0	0	0	1	0	0	0		SC,124
BL	124	0	1	0	0	0	0	0	0		BL,124
SC	125	0	1	0	0	0	0	0	0		SC,125
BL	125	1	0	0	0	0	1	0	0		BL,125
SC	126	0	0	1	0	0	0	0	0		SC,126
BL	126	0	0	0	0	0	0	0	0	not fake news	BL,126
SC	127	0	0	0	1	0	1	0	0		SC,127
BL	127	0	0	0	0	0	1	0	0		BL,127
SC	128	0	0	1	0	0	0	0	0		SC,128
BL	128	0	0	0	1	0	0	0	0		BL,128
SC	129	0	0	0	1	0	0	0	0		SC,129
BL	129	0	0	0	0	0	1	0	0		BL,129
SC	130	0	1	0	0	0	0	0	0		SC,130
BL	130	1	0	0	0	0	0	0	0		BL,130
SC	131	0	0	0	1	0	0	0	0		SC,131
BL	131	0	0	0	1	0	0	0	0		BL,131
SC	132	0	0	1	0	0	0	0	0		SC,132
BL	132	0	0	1	0	0	0	0	0		BL,132
SC	133	0	0	0	0	1	0	0	0		SC,133
BL	133	0	1	0	0	0	0	0	0		BL,133
SC	134	0	1	0	0	0	0	0	0		SC,134
BL	134	0	0	0	0	0	1	0	0		BL,134
SC	135	1	0	0	0	0	0	0	0		SC,135
BL	135	0	0	0	0	1	0	0	0		BL,135
SC	136	0	1	1	0	0	0	0	0		SC,136
BL	136	0	0	0	0	0	1	0	0		BL,136
SC	137	0	1	1	0	0	0	0	0		SC,137
BL	137	0	0	0	1	0	0	1	0		BL,137
SC	138	1	0	0	0	0	0	0	0		SC,138
BL	138	0	0	0	0	0	0	1	0		BL,138
SC	139	0	0	1	1	0	0	0	0		SC,139
BL	139	0	0	0	0	0	0	0	0	not fake news	BL,139
SC	140	0	1	1	0	0	0	0	0		SC,140
BL	140	0	0	1	0	0	0	0	0		BL,140
SC	141	0	0	1	0	1	0	0	0		SC,141
BL	141	0	0	1	0	0	0	0	0		BL,141
SC	142	0	0	1	0	0	0	0	0		SC,142
BL	142	0	0	0	0	0	1	0	0		BL,142
SC	143	0	1	1	0	0	0	0	0		SC,143
BL	143	0	0	1	0	0	0	0	0		BL,143
SC	144	0	0	0	0	0	0	0	0	1	SC,144
BL	144	0	0	0	0	0	0	1	0		BL,144
SC	145	1	0	0	0	0	0	0	0		SC,145
BL	145	1	0	0	0	0	0	0	0		BL,145
SC	146	0	0	0	0	0	0	0	0	not sure	SC,146
BL	146	0	0	0	0	0	0	0	0	not fake news	BL,146
SC	147	0	1	0	0	0	0	0	0		SC,147
BL	147	1	0	0	0	0	1	0	0		BL,147
SC	148	0	0	0	1	0	0	0	0		SC,148
BL	148	0	1	0	0	0	0	0	0		BL,148
SC	149	0	0	1	0	0	0	0	0		SC,149
BL	149	1	0	0	0	0	0	0	0		BL,149
SC	150	0	0	0	0	1	0	0	0		SC,150
BL	150	0	0	0	0	0	1	0	0		BL,150
SC	151	0	0	1	0	0	0	0	0		SC,151
BL	151	0	0	1	0	0	0	0	0		BL,151
SC	152	0	0	1	0	0	0	0	0		SC,152
BL	152	0	0	1	0	0	0	0	0		BL,152
SC	153	0	0	1	0	0	0	0	0		SC,153
BL	153	0	0	0	1	0	0	0	0		BL,153
SC	154	0	1	0	0	0	0	0	0		SC,154
BL	154	0	0	0	0	0	0	0	0	not fake news	BL,154
SC	155	0	1	0	0	0	0	0	0		SC,155
BL	155	1	0	0	0	0	0	0	0		BL,155
SC	156	0	0	0	0	1	0	0	0		SC,156
BL	156	0	0	0	0	0	0	1	0		BL,156
SC	157	0	0	1	0	0	0	0	1		SC,157
BL	157	0	0	1	0	0	0	0	0		BL,157
SC	158	1	0	0	0	0	0	0	0		SC,158
BL	158	0	1	0	0	0	0	0	0		BL,158
SC	159	0	0	0	0	1	0	0	0		SC,159
BL	159	0	0	0	1	0	0	0	0		BL,159
SC	160	0	0	1	0	0	0	0	0		SC,160
BL	160	0	0	0	0	0	0	0	0	not fake news	BL,160
SC	161	0	0	0	0	1	0	0	0		SC,161
BL	161	0	0	0	0	0	0	0	0	not fake news	BL,161
SC	162	0	0	0	0	1	0	0	0		SC,162
BL	162	1	1	0	0	0	0	0	0		BL,162
SC	163	0	0	1	0	0	0	0	0		SC,163
BL	163	1	0	0	0	0	0	0	0		BL,163
SC	164	0	0	1	0	0	0	0	0		SC,164
BL	164	0	0	0	1	0	1	0	0		BL,164
SC	165	0	0	1	0	0	0	0	0		SC,165
BL	165	1	0	0	0	0	0	0	0		BL,165
SC	166	0	0	0	0	0	0	1	0		SC,166
BL	166	0	0	0	1	0	0	0	0		BL,166
SC	167	1	0	1	0	0	0	0	0		SC,167
BL	167	0	0	1	0	0	0	0	0		BL,167
SC	168	1	0	0	0	0	0	0	0		SC,168
BL	168	0	0	0	0	0	0	0	0	not fake news	BL,168
SC	169	1	0	0	0	0	0	0	0		SC,169
BL	169	0	0	0	1	0	0	1	0		BL,169
SC	170	0	0	0	0	0	0	0	0		SC,170
BL	170	0	0	0	0	0	0	0	0	not fake news	BL,170
SC	171	0	1	1	0	0	0	0	0		SC,171
BL	171	0	0	1	0	0	0	0	0		BL,171
SC	172	1	0	0	0	0	0	0	0		SC,172
BL	172	0	0	1	0	0	0	0	0		BL,172
SC	173	0	0	0	0	1	0	0	0		SC,173
BL	173	0	0	0	0	0	0	1	0		BL,173
SC	174	0	0	0	1	0	0	0	0		SC,174
BL	174	0	0	0	0	0	1	0	0		BL,174
SC	175	1	0	1	0	0	0	0	0		SC,175
BL	175	0	0	0	0	0	0	0	0	not fake news	BL,175
SC	176	0	0	0	1	0	0	0	0		SC,176
BL	176	0	1	0	0	0	0	0	0		BL,176
SC	177	0	0	0	0	1	0	0	0		SC,177
BL	177	0	0	0	0	1	1	0	0		BL,177
SC	178	0	0	1	1	0	0	0	0		SC,178
BL	178	0	0	0	0	0	0	0	0	not fake news	BL,178
SC	179	1	0	0	0	0	0	0	0		SC,179
BL	179	1	0	0	0	0	0	1	0		BL,179
SC	180	0	0	0	1	1	0	0	0		SC,180
BL	180	1	1	0	0	0	0	0	0		BL,180
SC	181	0	0	1	0	0	0	0	0		SC,181
BL	181	0	0	0	1	0	0	0	0		BL,181
SC	182	0	0	1	0	0	0	0	0		SC,182
BL	182	0	1	0	0	0	0	1	0		BL,182
SC	183	0	0	0	0	1	0	0	0		SC,183
BL	183	0	0	0	0	0	0	0	0	not fake news	BL,183
SC	184	0	0	0	1	0	0	0	0		SC,184
BL	184	0	0	0	0	1	0	0	0		BL,184
SC	185	0	0	1	0	0	0	0	0		SC,185
BL	185	0	0	1	0	0	0	0	0		BL,185
SC	186	0	0	0	1	0	0	0	0		SC,186
BL	186	0	0	0	0	0	0	0	0	not fake news	BL,186
SC	187	0	0	0	0	0	0	1	0		SC,187
BL	187	0	0	0	0	0	0	0	0	not fake news	BL,187
SC	188	1	0	0	0	0	0	0	0		SC,188
BL	188	0	1	0	0	0	0	0	0		BL,188
SC	189	0	0	1	0	0	0	0	0		SC,189
BL	189	0	0	0	1	0	0	0	0		BL,189
SC	190	0	0	1	0	0	0	0	0		SC,190
BL	190	0	0	1	0	0	0	0	0		BL,190
SC	191	1	0	1	0	0	0	0	0		SC,191
BL	191	1	0	0	1	0	0	0	0		BL,191
SC	192	1	0	0	0	0	0	0	0		SC,192
BL	192	0	1	0	0	0	0	0	0		BL,192
SC	193	0	0	0	0	1	0	0	0		SC,193
BL	193	0	0	0	1	0	0	0	0		BL,193
SC	194	0	0	1	0	0	0	0	0		SC,194
BL	194	0	0	0	0	0	1	0	0		BL,194
SC	195	0	0	0	0	1	0	0	0		SC,195
BL	195	0	0	0	1	0	0	0	0		BL,195
SC	196	0	0	0	0	0	0	0	0	correct	SC,196
BL	196	0	0	1	0	0	0	0	0		BL,196
SC	197	0	0	0	0	0	0	0	0		SC,197
BL	197	0	0	0	0	0	0	0	0	not fake news	BL,197
SC	198	0	1	1	0	0	0	0	0		SC,198
BL	198	0	0	1	0	0	0	0	0		BL,198
SC	199	0	0	1	0	0	0	0	0		SC,199
BL	199	1	0	0	0	0	0	0	0		BL,199
SC	200	1	0	0	0	0	0	0	0		SC,200
BL	200	0	0	1	1	0	0	0	1		BL,200
SC	201	1	0	0	0	0	0	0	0		SC,201
BL	201	0	0	0	1	0	0	0	0		BL,201
SC	202	0	0	0	0	1	0	0	0		SC,202
BL	202	0	0	0	0	0	1	1	0		BL,202
SC	203	1	0	0	0	0	0	0	0		SC,203
BL	203	0	0	0	0	1	0	0	0		BL,203
SC	204	0	0	1	0	0	0	0	0		SC,204
BL	204	0	0	0	1	0	0	0	0		BL,204
SC	205	1	0	1	0	0	0	0	0		SC,205
BL	205	0	0	0	0	1	1	0	0		BL,205
SC	206	0	1	0	0	0	0	0	0		SC,206
BL	206	0	1	0	0	0	0	1	0		BL,206
SC	207	1	0	1	0	0	0	0	0		SC,207
BL	207	0	1	0	0	0	0	0	0		BL,207
SC	208	0	0	1	0	0	0	0	0		SC,208
BL	208	0	0	0	0	0	0	0	0	not fake news	BL,208
SC	209	0	0	1	0	0	0	0	0		SC,209
BL	209	0	0	1	0	0	1	0	0		BL,209
SC	210	1	0	1	0	0	0	0	0		SC,210
BL	210	0	0	0	1	0	0	0	0		BL,210
SC	211	0	1	0	0	0	0	0	0		SC,211
BL	211	0	0	0	0	0	0	0	0	not fake news	BL,211
SC	212	1	0	1	0	0	0	0	0		SC,212
BL	212	0	0	0	1	0	0	0	0		BL,212
SC	213	0	0	0	0	1	0	0	0		SC,213
BL	213	0	1	0	1	0	0	0	0		BL,213
SC	214	0	0	0	0	1	0	0	0		SC,214
BL	214	0	1	0	0	0	0	0	0		BL,214
SC	215	0	0	1	0	0	0	0	0		SC,215
BL	215	0	0	0	1	1	0	0	0		BL,215
SC	216	0	0	0	1	0	0	0	0		SC,216
BL	216	0	1	0	0	0	0	0	0		BL,216
SC	217	0	0	0	1	0	0	0	0		SC,217
BL	217	0	1	0	0	0	0	1	0		BL,217
SC	218	0	0	1	0	0	0	0	0		SC,218
BL	218	0	0	1	1	0	0	0	0		BL,218
SC	219	1	0	0	0	0	0	0	0		SC,219
BL	219	0	0	0	1	0	0	0	0		BL,219
SC	220	0	0	1	0	0	0	0	0		SC,220
BL	220	0	1	0	0	0	0	0	0		BL,220
SC	221	0	0	1	0	0	0	0	0		SC,221
BL	221	0	1	1	0	0	1	1	0		BL,221
SC	222	1	0	0	0	0	0	0	0		SC,222
BL	222	0	1	1	0	0	1	1	0		BL,222
SC	223	0	0	0	0	1	0	0	0		SC,223
BL	223	0	0	0	0	0	0	1	0		BL,223
SC	224	1	0	0	0	0	0	0	0		SC,224
BL	224	1	0	0	0	0	0	0	0		BL,224
SC	225	0	0	0	1	0	0	0	0		SC,225
BL	225	0	0	0	1	0	0	0	0		BL,225
SC	226	1	0	0	0	0	0	0	0		SC,226
BL	226	0	0	0	0	0	0	1	0		BL,226
SC	227	0	0	1	1	0	0	0	0		SC,227
BL	227	0	0	0	1	0	0	0	0		BL,227
SC	228	0	0	0	0	1	0	0	0		SC,228
BL	228	0	0	1	0	0	0	0	0		BL,228
SC	229	0	0	0	1	0	0	0	0		SC,229
BL	229	1	0	0	1	0	0	0	0		BL,229
SC	230	0	0	0	0	0	0	1	0		SC,230
BL	230	0	0	0	1	0	0	0	0		BL,230
SC	231	0	0	0	0	0	0	1	0		SC,231
BL	231	0	0	0	1	0	0	0	0		BL,231
SC	232	0	0	0	1	0	0	0	0		SC,232
BL	232	0	0	0	0	0	0	0	0	not fake news	BL,232
SC	233	0	0	1	0	0	0	0	0		SC,233
BL	233	0	0	0	0	0	0	0	0	not fake news	BL,233
SC	234	0	0	0	0	1	0	0	0		SC,234
BL	234	0	1	0	0	0	0	0	0		BL,234
SC	235	0	0	0	0	1	0	0	0		SC,235
BL	235	0	0	1	0	0	0	0	0		BL,235
SC	236	0	0	1	0	0	0	0	0		SC,236
BL	236	0	0	0	0	0	0	0	0	not fake news	BL,236
SC	237	0	0	1	0	0	0	0	0		SC,237
BL	237	0	0	0	0	0	0	1	0		BL,237
SC	238	0	0	0	1	0	0	0	0		SC,238
BL	238	1	0	0	0	0	0	0	0		BL,238
SC	239	0	0	1	0	0	0	0	0		SC,239
BL	239	1	0	0	0	0	0	0	0		BL,239
SC	240	0	0	0	1	0	0	0	0		SC,240
BL	240	0	0	0	0	0	0	0	0	not fake news	BL,240
SC	241	1	0	0	0	0	0	0	0		SC,241
BL	241	1	1	0	0	0	0	0	0		BL,241
SC	242	1	0	0	0	0	0	0	0		SC,242
BL	242	0	1	0	0	0	0	0	0		BL,242
SC	243	0	0	1	0	0	0	0	0		SC,243
BL	243	0	0	1	0	0	0	0	0		BL,243
SC	244	0	0	0	0	0	0	0	0	?	SC,244
BL	244	0	0	0	0	0	0	0	0	not fake news	BL,244
SC	245	1	0	0	0	0	0	0	0		SC,245
BL	245	0	1	0	0	0	0	0	0		BL,245
SC	246	0	0	1	0	0	0	0	0		SC,246
BL	246	0	1	0	0	0	0	0	0		BL,246
SC	247	1	0	0	0	0	0	0	0		SC,247
BL	247	1	0	0	1	0	0	0	0		BL,247
SC	248	0	0	1	0	0	0	0	0		SC,248
BL	248	0	1	0	0	0	0	0	0		BL,248
SC	249	0	0	1	0	0	0	0	0		SC,249
BL	249	0	1	0	0	0	0	0	0		BL,249
SC	250	0	0	1	0	0	0	0	0		SC,250
BL	250	0	1	0	0	0	1	0	0		BL,250
BL	250	0	0	1	0	0	1	1	0		BL,250
BL	250	0	1	1	1	0	1	0	0		BL,250
BL	250	0	0	0	0	0	1	0	0		BL,250
BL	250	0	0	0	0	0	1	0	0		BL,250
BL	250	0	0	0	0	0	1	0	0		BL,250
SC	251	0	0	1	0	0	0	0	0		SC,251
BL	251	0	0	0	0	0	1	0	0		BL,251
BL	251	0	0	0	0	0	1	1	0		BL,251
BL	251	1	0	0	0	0	0	0	0		BL,251
SC	252	0	0	1	0	0	0	0	0		SC,252
BL	252	0	0	1	1	0	0	0	0		BL,252
BL	252	0	0	0	0	0	1	1	0		BL,252
SC	253	0	1	1	0	0	0	0	0		SC,253
BL	253	0	0	0	1	0	0	1	0		BL,253
BL	253	0	1	1	1	0	1	0	0		BL,253
SC	254	0	0	0	0	1	0	0	0		SC,254
BL	254	0	1	0	0	0	0	0	0		BL,254
BL	254	0	0	0	1	0	1	1	0		BL,254
SC	255	1	0	0	0	0	0	0	0		SC,255
BL	255	0	1	0	0	0	0	1	0		BL,255
SC	256	0	1	1	0	0	0	0	0		SC,256
BL	256	0	1	1	0	0	0	0	0		BL,256
SC	257	0	1	0	0	0	0	1	0		SC,257
BL	257	0	1	1	0	0	0	0	0		BL,257
SC	258	0	0	1	0	0	0	0	0		SC,258
BL	258	0	1	0	0	0	0	1	0		BL,258
SC	259	0	0	0	1	0	0	0	0		SC,259
BL	259	0	1	1	1	0	0	0	0		BL,259
SC	260	0	1	1	0	0	0	0	0		SC,260
BL	260	0	1	1	0	1	0	0	0		BL,260
SC	261	0	0	0	1	0	0	0	0		SC,261
BL	261	0	0	0	1	1	0	1	0		BL,261
SC	262	0	1	0	0	0	0	0	0		SC,262
BL	262	0	0	1	1	0	0	0	0		BL,262
SC	263	0	1	1	0	0	0	0	0		SC,263
BL	263	0	0	1	1	0	0	0	0		BL,263
SC	264	0	0	0	0	0	0	1	0		SC,264
SC	264	0	0	0	0	0	0	1	0		SC,264
BL	264	0	0	0	1	1	1	1	0		BL,264
SC	265	0	0	0	1	0	0	0	0		SC,265
BL	265	0	1	0	1	0	1	1	0		BL,265
SC	266	1	0	0	0	0	0	0	0		SC,266
BL	266	0	0	0	1	0	0	1	0		BL,266
BL	266	1	0	0	1	0	0	1	0		BL,266
SC	267	0	0	1	0	0	0	0	0		SC,267
BL	267	0	0	1	1	0	0	0	0		BL,267
SC	268	0	1	1	0	0	0	0	0		SC,268
BL	268	0	0	1	1	0	1	0	0		BL,268
SC	269	0	0	0	0	1	0	0	0		SC,269
BL	269	1	0	0	0	0	0	1	0		BL,269
SC	270	0	0	0	0	0	0	1	0		SC,270
BL	270	0	0	0	0	0	1	1	0		BL,270
BL	270	0	0	0	1	0	1	1	0		BL,270
SC	271	0	1	1	0	0	0	0	0		SC,271
BL	271	1	0	0	1	0	0	1	0		BL,271
SC	272	0	0	1	0	0	0	0	0		SC,272
BL	272	0	0	1	1	0	0	0	0		BL,272
SC	273	0	0	0	1	0	0	0	0		SC,273
BL	273	0	1	0	1	1	1	1	0		BL,273
SC	274	0	0	0	0	1	0	0	0		SC,274
BL	274	0	1	0	0	0	1	1	0		BL,274
SC	275	0	0	1	0	0	0	0	0		SC,275
BL	275	0	1	0	0	0	1	1	0		BL,275
SC	276	0	0	1	0	0	0	0	0		SC,276
BL	276	1	1	0	1	0	0	1	0		BL,276
SC	277	1	0	0	0	0	0	0	0		SC,277
BL	277	0	0	0	1	0	1	1	0		BL,277
SC	278	0	0	0	1	0	0	0	0		SC,278
BL	278	0	0	0	1	0	0	1	0		BL,278
SC	279	0	0	0	0	1	0	0	0		SC,279
BL	279	0	0	0	0	0	0	0	0	not fake news	BL,279
SC	280	1	0	0	0	0	0	0	0		SC,280
BL	280	1	0	0	0	0	0	0	0		BL,280
SC	281	1	0	0	0	0	0	0	0		SC,281
BL	281	0	0	0	0	0	0	1	0		BL,281
SC	282	0	0	0	0	0	0	1	0		SC,282
BL	282	0	1	0	0	0	0	0	0		BL,282
SC	283	1	0	0	0	0	0	0	0		SC,283
BL	283	0	0	1	0	0	1	0	0		BL,283
SC	284	0	0	1	0	0	0	0	0		SC,284
BL	284	0	0	1	0	0	0	0	0		BL,284
SC	285	0	1	0	0	0	0	0	0		SC,285
BL	285	0	0	1	0	0	0	0	0		BL,285
SC	286	1	0	0	0	0	0	0	0		SC,286
BL	286	0	0	0	1	0	0	1	0		BL,286
SC	287	0	1	1	0	0	0	0	0		SC,287
BL	287	0	0	1	0	0	0	0	0		BL,287
SC	288	0	0	1	0	0	0	0	0		SC,288
BL	288	0	1	0	0	0	0	0	0		BL,288
SC	289	0	0	0	0	1	0	0	0		SC,289
BL	289	0	1	0	1	0	0	0	0		BL,289
SC	290	0	0	1	0	0	0	0	0		SC,290
BL	290	0	0	1	0	0	0	0	0		BL,290
SC	291	0	0	1	0	0	0	0	0		SC,291
BL	291	0	1	0	0	0	0	0	0		BL,291
SC	292	0	0	0	1	0	0	0	0		SC,292
BL	292	0	1	1	0	0	0	0	0		BL,292
SC	293	0	0	0	1	0	0	0	0		SC,293
BL	293	0	1	0	0	0	0	0	0		BL,293
SC	294	0	0	1	0	0	0	0	0		SC,294
BL	294	0	0	1	0	0	0	0	0		BL,294
SC	295	1	0	0	0	0	0	0	0		SC,295
BL	295	0	1	0	0	0	0	0	0		BL,295
SC	296	0	0	0	0	0	0	1	0		SC,296
BL	296	0	0	0	0	0	0	1	0		BL,296
SC	297	0	0	1	0	0	0	0	0		SC,297
BL	297	0	0	1	0	0	0	0	0		BL,297
SC	298	1	0	0	0	0	0	0	0		SC,298
BL	298	0	0	0	0	0	0	1	0		BL,298
BL	299	0	0	0	0	0	0	1	0		BL,299
SC	300	0	0	0	0	0	0	0	0	no context	SC,300
SC	300	0	0	0	0	0	0	0	0	no context	SC,300
SL	300	0	0	0	0	0	0	1	0		SL,300
BL	300	0	0	0	1	0	0	0	0		BL,300
SC	301	0	0	0	1	0	0	0	0		SC,301
SL	301	0	0	0	1	0	0	0	0		SL,301
BL	301	0	0	0	1	0	0	0	0		BL,301
SC	302	0	1	0	0	0	1	0	0		SC,302
SL	302	0	0	0	0	0	1	0	0		SL,302
BL	302	0	1	0	0	0	0	0	0		BL,302
SC	303	0	0	0	1	0	0	0	0		SC,303
SL	303	0	0	0	1	0	0	0	0		SL,303
BL	303	0	0	0	1	0	0	0	0		BL,303
SC	304	1	1	0	0	0	0	0	0		SC,304
SL	304	0	0	0	0	0	0	1	0		SL,304
BL	304	0	0	0	0	0	1	0	0		BL,304
SC	305	0	0	0	0	1	0	0	0		SC,305
SL	305	0	1	0	0	0	0	0	0		SL,305
BL	305	0	0	0	0	0	0	0	0	not fake news	BL,305
SC	306	0	1	0	0	1	0	0	0		SC,306
SL	306	0	0	0	0	0	0	1	0		SL,306
BL	306	0	0	0	0	0	0	0	0	not fake news	BL,306
SC	307	0	1	1	0	0	0	0	0		SC,307
SL	307	0	0	1	0	0	0	0	0		SL,307
BL	307	0	0	1	0	0	0	0	0		BL,307
SC	308	0	0	0	0	0	1	0	0		SC,308
SL	308	0	0	0	0	0	1	0	0		SL,308
BL	308	0	0	0	0	0	1	0	0		BL,308
SC	309	0	0	0	1	1	0	0	0		SC,309
SL	309	0	0	0	1	0	0	0	0		SL,309
BL	309	0	0	0	1	0	0	0	0		BL,309
SC	310	0	0	0	0	1	1	0	0		SC,310
SC	310	0	0	0	0	1	1	0	0		SC,310
SL	310	0	1	0	0	0	0	0	0		SL,310
BL	310	0	0	1	0	0	0	0	0		BL,310
SC	311	0	0	0	0	1	0	0	0		SC,311
SL	311	0	1	0	0	0	0	0	0		SL,311
BL	311	0	0	0	0	0	0	1	0		BL,311
SC	312	0	1	0	0	0	0	0	0		SC,312
SL	312	0	0	0	0	0	0	1	0		SL,312
BL	312	0	1	0	0	0	0	0	0		BL,312
SC	313	0	0	0	1	0	0	0	0		SC,313
SL	313	0	1	0	0	0	0	0	0		SL,313
BL	313	0	0	0	0	0	0	1	0		BL,313
SC	314	0	1	0	0	0	0	0	0		SC,314
SL	314	0	0	0	0	0	0	1	0		SL,314
BL	314	0	0	0	0	0	0	0	0	not fake news	BL,314
SC	315	0	0	1	0	0	0	0	0		SC,315
SL	315	0	0	0	0	0	0	1	0		SL,315
BL	315	0	0	0	0	0	0	0	0	not fake news	BL,315
SC	316	0	0	0	0	1	0	0	0		SC,316
SL	316	0	0	0	0	1	0	0	0		SL,316
SC	316	0	0	0	0	1	0	0	0		SC,316
BL	316	0	1	0	0	0	0	0	0		BL,316
SC	317	0	0	0	1	0	0	0	0		SC,317
SL	317	0	0	0	0	0	0	1	0		SL,317
SC	317	0	0	0	0	0	0	1	0		SC,317
BL	317	0	0	0	0	1	0	0	0		BL,317
SL	318	0	1	0	0	0	0	0	0		SL,318
SC	318	0	1	0	0	0	0	0	0		SC,318
BL	318	0	0	0	0	0	0	1	0		BL,318
SL	319	0	0	0	0	0	1	0	0		SL,319
SC	319	0	0	0	0	0	1	0	0		SC,319
BL	319	0	0	1	0	0	0	0	0		BL,319
SL	320	0	0	0	0	0	0	1	0		SL,320
SC	320	0	0	0	0	0	0	1	0		SC,320
BL	320	0	0	0	0	0	1	0	0		BL,320
SL	321	0	0	0	0	0	0	1	0		SL,321
SC	321	0	0	0	0	0	0	1	0		SC,321
BL	321	0	0	0	0	0	0	1	0		BL,321
SL	322	0	0	0	0	1	0	0	0		SL,322
SC	322	0	0	0	0	1	0	0	0		SC,322
BL	322	0	1	0	0	0	0	0	0		BL,322
SL	323	0	0	0	1	0	0	0	0		SL,323
SC	323	0	0	0	1	0	0	0	0		SC,323
BL	323	0	0	1	0	0	0	0	0		BL,323
SL	324	0	0	0	0	0	0	1	0		SL,324
SC	324	0	0	1	0	0	0	1	0		SC,324
BL	324	0	0	0	0	0	1	0	0		BL,324
SL	325	0	0	0	0	1	0	0	0		SL,325
SC	325	0	0	0	0	1	0	0	0		SC,325
BL	325	0	0	1	0	0	0	0	0		BL,325
SL	326	0	0	0	0	0	0	1	0		SL,326
SC	326	0	0	0	0	0	0	1	0		SC,326
BL	326	1	0	0	0	0	0	0	0		BL,326
SL	327	0	1	0	0	0	0	0	0		SL,327
SC	327	0	1	0	0	0	0	0	0		SC,327
BL	327	0	0	1	0	0	0	0	0		BL,327
SL	328	0	1	0	0	0	0	0	0		SL,328
SC	328	0	0	0	0	0	0	1	0		SC,328
BL	328	0	0	0	0	0	1	0	0		BL,328
SL	329	0	0	0	0	0	0	1	0		SL,329
SC	329	0	0	0	0	0	0	1	0		SC,329
BL	329	0	0	0	0	1	0	0	0		BL,329
SL	330	0	0	1	0	0	0	0	0		SL,330
SC	330	0	0	1	0	0	0	0	0		SC,330
BL	330	0	0	1	0	0	0	0	0		BL,330
SL	331	0	0	0	0	0	0	1	0		SL,331
SC	331	0	0	0	0	0	0	1	0		SC,331
BL	331	0	0	0	0	0	0	0	0	not fake news	BL,331
SL	332	0	1	0	0	0	0	0	0		SL,332
SC	332	0	1	0	0	0	0	0	0		SC,332
BL	332	0	0	0	0	0	1	0	0		BL,332
SL	333	0	0	0	0	0	0	1	0		SL,333
SC	333	0	0	0	0	0	0	1	0		SC,333
BL	333	0	0	0	0	0	0	0	0	not fake news	BL,333
SL	334	0	0	0	0	0	0	1	0		SL,334
SC	334	0	0	0	0	0	0	1	0		SC,334
BL	334	0	0	0	0	0	0	0	0	not fake news	BL,334
SL	335	0	0	0	0	0	0	1	0		SL,335
SC	335	0	0	1	0	0	0	1	0		SC,335
BL	335	0	0	0	0	0	0	1	0		BL,335
SL	336	0	0	1	0	0	0	0	0		SL,336
SC	336	0	0	1	0	0	0	0	0		SC,336
BL	336	0	0	0	0	0	0	1	0		BL,336
SL	337	0	0	0	0	0	0	1	0		SL,337
SC	337	0	0	0	0	0	0	1	0		SC,337
BL	337	0	1	0	0	0	0	0	0		BL,337
SL	338	0	0	0	0	0	0	1	0		SL,338
SC	338	0	0	0	0	0	0	1	0		SC,338
BL	338	0	0	0	0	0	0	0	0	not fake news	BL,338
SL	339	0	0	0	1	0	0	0	0		SL,339
SC	339	0	0	0	1	0	0	0	0		SC,339
BL	339	0	1	0	0	0	0	0	0		BL,339
SL	340	0	1	0	0	0	0	0	0		SL,340
SC	340	0	1	0	0	0	0	0	0		SC,340
BL	340	0	0	0	1	0	0	0	0		BL,340
SL	341	0	0	0	0	0	0	1	0		SL,341
SC	341	0	0	0	0	0	0	1	0		SC,341
BL	341	1	0	0	0	0	0	0	0		BL,341
SL	342	0	1	0	0	0	0	0	0		SL,342
SC	342	0	1	0	0	0	0	0	0		SC,342
BL	342	0	0	0	0	0	1	0	0		BL,342
SL	343	0	0	1	0	0	0	0	0		SL,343
SC	343	0	0	1	0	0	0	0	0		SC,343
BL	343	0	0	1	0	0	0	0	0		BL,343
SL	344	0	1	0	0	0	0	0	0		SL,344
SC	344	0	1	0	0	0	0	0	0		SC,344
BL	344	0	1	0	0	0	0	0	0		BL,344
SL	345	0	1	0	0	0	0	0	0		SL,345
SC	345	0	1	0	0	0	0	0	0		SC,345
BL	345	0	0	0	1	0	0	0	0		BL,345
SL	346	0	0	0	0	0	0	1	0		SL,346
SC	346	0	0	0	0	0	0	1	0		SC,346
BL	346	0	0	0	1	0	0	0	0		BL,346
SL	347	0	1	0	0	0	0	0	0		SL,347
SC	347	0	1	0	0	0	0	0	0		SC,347
BL	347	0	0	0	0	0	1	0	0		BL,347
SL	348	0	0	0	1	0	0	0	0		SL,348
SC	348	0	0	0	1	0	0	0	0		SC,348
BL	348	0	1	0	1	0	0	0	0		BL,348
SL	349	0	1	0	0	0	0	0	0		SL,349
SC	349	0	1	0	0	0	0	0	0		SC,349
BL	349	0	1	0	0	0	0	0	0		BL,349
SL	350	0	0	0	0	0	0	1	0		SL,350
SC	350	0	0	0	0	0	0	1	0		SC,350
BL	350	0	0	1	0	0	0	0	0		BL,350
SL	351	0	0	1	0	0	0	0	0		SL,351
SC	351	0	0	1	0	0	0	0	0		SC,351
BL	351	0	0	1	0	0	0	0	0		BL,351
SL	352	0	0	0	0	0	0	1	0		SL,352
SC	352	0	0	0	0	0	0	1	0		SC,352
BL	352	1	0	0	0	0	0	0	0		BL,352
SL	353	0	0	0	0	0	0	1	0		SL,353
SC	353	0	0	0	0	0	0	1	0		SC,353
BL	353	0	0	0	0	0	0	0	0	not fake news	BL,353
SL	354	0	0	1	0	0	0	0	0		SL,354
SC	354	0	0	1	0	0	0	0	0		SC,354
BL	354	1	0	0	0	0	0	1	0		BL,354
SL	355	0	0	1	0	0	0	0	0		SL,355
SC	355	0	0	1	0	0	0	0	0		SC,355
BL	355	0	0	0	0	0	0	0	0	not fake news	BL,355
SL	356	0	1	0	0	0	0	0	0		SL,356
SC	356	0	1	0	0	0	0	0	0		SC,356
BL	356	0	0	0	1	0	0	0	0		BL,356
SL	357	0	0	0	0	0	0	1	0		SL,357
SC	357	0	0	0	0	0	0	1	0		SC,357
BL	357	0	0	0	0	0	0	1	0		BL,357
SL	358	0	0	0	0	0	0	1	0		SL,358
SC	358	0	0	1	0	0	0	1	0		SC,358
BL	358	0	1	0	0	0	0	0	0		BL,358
SL	359	0	0	0	0	0	0	1	0		SL,359
SC	359	0	0	0	0	0	0	1	0		SC,359
BL	359	0	1	0	0	0	0	0	0		BL,359
SL	360	0	1	0	0	0	0	0	0		SL,360
SC	360	0	1	0	0	0	0	0	0		SC,360
BL	360	0	0	0	0	0	1	0	0		BL,360
SL	361	0	0	0	0	0	1	0	0		SL,361
SC	361	0	0	0	0	0	1	0	0		SC,361
BL	361	0	0	0	1	0	0	0	0		BL,361
SL	362	0	0	1	0	0	0	0	0		SL,362
SC	362	0	0	1	0	0	0	0	0		SC,362
BL	362	0	0	0	0	0	1	0	0		BL,362
SL	363	0	0	0	0	0	0	1	0		SL,363
SC	363	0	0	0	0	0	0	1	0		SC,363
BL	363	0	0	0	0	0	0	0	0	not fake news	BL,363
SL	364	0	0	0	0	0	0	1	0		SL,364
SC	364	0	0	0	0	0	0	1	0		SC,364
BL	364	0	1	0	0	0	0	0	0		BL,364
SL	365	0	0	0	0	0	0	1	0		SL,365
SC	365	0	0	0	0	0	0	1	0		SC,365
BL	365	0	0	0	0	0	0	1	0		BL,365
SL	366	0	0	0	1	0	0	0	0		SL,366
SC	366	0	0	0	1	0	0	0	0		SC,366
BL	366	0	0	0	1	0	0	0	0		BL,366
SL	367	0	1	0	0	0	0	0	0		SL,367
SC	367	0	1	0	0	0	0	0	0		SC,367
BL	367	1	0	0	0	0	0	0	0		BL,367
SL	368	0	0	0	1	0	0	0	0		SL,368
SC	368	0	0	0	1	0	0	0	0		SC,368
BL	368	0	1	0	0	0	0	1	0		BL,368
SL	369	0	0	0	0	0	0	1	0		SL,369
SC	369	0	0	0	0	0	0	1	0		SC,369
BL	369	0	1	0	1	0	0	1	0		BL,369
SL	370	0	0	0	0	0	0	1	0		SL,370
SC	370	0	0	0	0	0	0	1	0		SC,370
BL	370	1	0	0	1	0	0	1	0		BL,370
SL	371	0	0	0	1	0	0	0	0		SL,371
SC	371	0	0	0	1	0	0	0	0		SC,371
BL	371	0	0	0	1	0	0	1	0		BL,371
BL	371	0	0	0	0	0	0	0	0	not fake news	BL,371
SL	372	0	0	0	0	0	0	1	0		SL,372
SC	372	0	0	0	0	0	0	1	0		SC,372
BL	372	1	0	0	1	0	0	1	0		BL,372
SL	373	1	0	0	0	0	0	0	0		SL,373
SC	373	1	0	0	0	0	0	0	0		SC,373
BL	373	1	1	0	0	0	1	1	0		BL,373
SL	374	0	0	0	0	0	0	1	0		SL,374
SC	374	0	0	0	0	0	0	1	0		SC,374
BL	374	1	0	0	1	0	0	1	0		BL,374
SL	375	0	1	0	0	0	0	0	0		SL,375
SC	375	0	1	0	0	0	0	0	0		SC,375
BL	375	0	0	0	0	0	0	0	0	not fake news	BL,375
SL	376	0	0	0	0	0	0	1	0		SL,376
SC	376	0	0	0	0	0	0	1	0		SC,376
BL	376	0	0	0	0	0	0	0	0	not fake news	BL,376
SL	377	0	1	0	0	0	0	0	0		SL,377
SC	377	0	1	0	0	0	0	0	0		SC,377
BL	377	0	0	0	0	0	0	0	0	not fake news	BL,377
SL	378	0	0	1	0	0	0	0	0		SL,378
SC	378	0	0	1	0	0	0	0	0		SC,378
BL	378	0	0	0	0	0	0	0	0	not fake news	BL,378
SL	379	0	0	0	1	0	0	0	0		SL,379
SC	379	0	0	0	1	0	0	0	0		SC,379
BL	379	0	0	0	0	0	0	0	0	not fake news	BL,379
SL	380	0	1	0	0	0	0	0	0		SL,380
SC	380	0	1	0	0	0	0	0	0		SC,380
BL	380	0	0	0	0	0	1	1	0		BL,380
SL	381	0	0	0	1	0	0	0	0		SL,381
SC	381	0	0	0	1	0	0	0	0		SC,381
BL	381	0	0	0	1	0	0	1	0		BL,381
SL	382	1	0	0	0	0	0	0	0		SL,382
SC	382	1	0	0	0	0	0	0	0		SC,382
BL	382	1	0	0	1	0	0	1	0		BL,382
SL	383	0	0	0	0	1	0	0	0		SL,383
SC	383	0	0	0	0	1	0	0	0		SC,383
BL	383	1	0	1	0	0	0	0	0		BL,383
SL	384	0	0	0	0	1	0	0	0		SL,384
SC	384	0	0	0	0	1	0	0	0		SC,384
BL	384	0	0	0	1	0	0	0	0		BL,384
SL	385	0	1	0	0	0	0	0	0		SL,385
SC	385	0	1	0	0	0	0	0	0		SC,385
SL	386	0	0	0	0	0	0	1	0		SL,386
SC	386	0	0	0	0	0	0	1	0		SC,386
SC	386	0	0	0	0	0	0	1	0		SC,386
SL	387	0	0	0	0	1	0	0	0		SL,387
SC	387	0	0	0	0	1	0	0	0		SC,387
SL	388	0	0	0	0	0	1	0	0		SL,388
SC	388	0	0	0	0	0	1	0	0		SC,388
SL	389	0	1	0	0	0	0	0	0		SL,389
SC	389	0	1	0	0	0	0	0	0		SC,389
SL	390	0	0	0	1	0	0	0	0		SL,390
SL	390	0	0	0	1	0	0	0	0		SL,390
SC	390	0	0	0	1	0	0	0	0		SC,390
SL	391	0	0	0	0	0	1	0	0		SL,391
SL	391	0	0	0	0	0	1	0	0		SL,391
SC	391	0	0	0	0	0	1	0	0		SC,391
SL	392	0	0	0	0	0	0	1	0		SL,392
SC	392	0	0	0	0	0	0	1	0		SC,392
SL	393	0	0	0	0	0	0	1	0		SL,393
SC	393	0	0	0	0	0	0	1	0		SC,393
SL	394	0	0	0	0	0	0	1	0		SL,394
SC	394	0	0	1	0	0	0	1	0		SC,394
SC	394	0	0	0	0	0	0	1	0		SC,394
SL	395	0	0	0	1	0	0	0	0		SL,395
SC	395	0	0	0	1	0	0	0	0		SC,395
SL	396	0	0	0	1	0	0	0	0		SL,396
SC	396	0	0	1	0	0	0	0	0		SC,396
SL	397	0	0	0	1	0	0	0	0		SL,397
SC	397	0	0	0	1	0	0	0	0		SC,397
SL	398	0	0	0	0	0	0	1	0		SL,398
SC	398	0	0	0	0	0	0	1	0		SC,398
SL	399	0	0	0	0	0	0	1	0		SL,399
SC	399	0	0	0	0	0	0	1	0		SC,399
SL	400	0	1	0	0	0	0	0	0		SL,400
SC	400	0	1	0	0	0	0	0	0		SC,400
SC	400	0	1	0	0	0	0	0	0		SC,400
SL	401	0	0	0	0	0	0	1	0		SL,401
SC	401	0	0	1	0	0	0	1	0		SC,401
SL	402	0	1	0	0	0	0	0	0		SL,402
SC	402	0	1	0	0	0	0	0	0		SC,402
SL	403	0	0	0	0	0	0	1	0		SL,403
SC	403	0	0	0	0	0	0	1	0		SC,403
SL	404	0	0	0	0	0	0	1	0		SL,404
SC	404	0	0	0	0	0	0	1	0		SC,404
SL	405	0	1	0	0	0	0	0	0		SL,405
SC	405	0	1	0	0	0	0	0	0		SC,405
SL	406	0	0	0	1	0	0	0	0		SL,406
SC	406	0	0	0	1	0	0	0	0		SC,406
SL	407	0	0	0	1	0	0	0	0		SL,407
SC	407	0	0	0	1	0	0	0	0		SC,407
SL	408	0	0	0	1	0	0	0	0		SL,408
SC	408	0	0	0	1	0	0	0	0		SC,408
SL	409	0	0	0	1	0	0	0	0		SL,409
SC	409	1	0	0	1	0	0	0	0		SC,409
SL	410	0	1	0	0	0	0	0	0		SL,410
SC	410	0	1	0	0	0	0	0	0		SC,410
SL	411	0	0	0	0	0	0	1	0		SL,411
SC	411	0	0	0	0	0	0	1	0		SC,411
SL	412	0	0	0	0	1	0	0	0		SL,412
SC	412	0	0	0	0	1	0	0	0		SC,412
SL	413	0	0	0	0	0	1	0	0		SL,413
SC	413	0	0	0	0	0	1	0	0		SC,413
SL	414	0	0	0	1	0	0	0	0		SL,414
SC	414	0	0	0	1	0	0	0	0		SC,414
SL	415	0	0	0	0	0	0	1	0		SL,415
SC	415	0	0	0	0	0	0	1	0		SC,415
SL	416	0	0	0	0	0	1	0	0		SL,416
SC	416	0	0	0	0	0	1	0	0		SC,416
SL	417	0	1	0	0	0	0	0	0		SL,417
SC	417	0	1	0	0	0	0	0	0		SC,417
SL	418	0	0	0	0	0	0	1	0		SL,418
SC	418	0	0	0	0	0	0	1	0		SC,418
SL	419	0	1	0	0	0	0	0	0		SL,419
SC	419	0	1	0	0	0	0	0	0		SC,419
SL	420	0	0	1	0	0	0	0	0		SL,420
SC	420	0	0	1	0	0	0	0	0		SC,420
SL	421	0	1	0	0	0	0	0	0		SL,421
SC	421	0	1	0	0	0	0	0	0		SC,421
SL	422	0	1	0	0	0	0	0	0		SL,422
SC	422	0	1	0	0	0	0	0	0		SC,422
SL	423	0	0	0	0	0	0	1	0		SL,423
SC	423	0	0	0	0	0	0	1	0		SC,423
SL	424	0	0	0	0	0	0	1	0		SL,424
SC	424	0	0	0	0	0	0	1	0		SC,424
SL	425	0	0	0	0	0	0	1	0		SL,425
SC	425	0	0	0	0	0	0	1	0		SC,425
SL	426	0	1	0	0	0	0	0	0		SL,426
SC	426	0	1	0	0	0	0	0	0		SC,426
SL	427	0	0	0	0	0	0	1	0		SL,427
SC	427	0	0	0	0	0	0	1	0		SC,427
SL	428	0	0	0	0	0	0	1	0		SL,428
SC	428	0	0	0	0	0	0	1	0		SC,428
SL	429	0	0	0	0	0	0	1	0		SL,429
SC	429	0	0	0	0	0	0	1	0		SC,429
SL	430	0	1	0	0	0	0	0	0		SL,430
SC	430	0	1	0	0	0	0	0	0		SC,430
SL	431	0	0	0	0	0	0	1	0		SL,431
SC	431	0	0	0	0	0	0	1	0		SC,431
SL	432	0	0	0	0	0	0	1	0		SL,432
SC	432	0	0	1	0	0	0	1	0		SC,432
SL	433	0	0	0	1	0	0	0	0		SL,433
SC	433	0	0	0	1	0	0	0	0		SC,433
SL	434	0	0	0	1	0	0	0	0		SL,434
SC	434	0	0	0	1	0	0	0	0		SC,434
SL	435	0	0	0	0	0	0	1	0		SL,435
SC	435	0	0	0	0	0	0	1	0		SC,435
SL	436	0	0	0	0	0	0	1	0		SL,436
SC	436	0	0	0	0	0	0	1	0		SC,436
SL	437	0	0	1	0	0	0	0	0		SL,437
SC	437	0	0	0	1	0	0	0	0		SC,437
SL	438	0	1	0	0	0	0	0	0		SL,438
SC	438	0	1	0	0	0	0	0	0		SC,438
SL	439	0	0	0	0	0	0	1	0		SL,439
SC	439	0	0	0	0	0	0	1	0		SC,439
SL	440	0	0	0	1	0	0	0	0		SL,440
SC	440	0	0	0	1	0	0	0	0		SC,440
SL	441	0	0	1	0	0	0	0	0		SL,441
SC	441	0	0	1	0	0	0	0	0		SC,441
SL	442	0	0	0	0	0	0	1	0		SL,442
SC	442	0	0	0	0	0	0	1	0		SC,442
SL	443	0	0	0	0	0	0	1	0		SL,443
SC	443	0	0	1	0	0	0	0	0		SC,443
SL	444	0	1	0	0	0	0	0	0		SL,444
SC	444	0	1	0	0	0	0	0	0		SC,444
SL	445	0	1	0	0	0	0	0	0		SL,445
SC	445	0	1	0	0	0	0	0	0		SC,445
SL	446	0	0	0	0	0	0	1	0		SL,446
SC	446	0	0	0	0	0	0	1	0		SC,446
SL	447	0	1	0	0	0	0	0	0		SL,447
SC	447	0	1	0	0	0	0	0	0		SC,447
SL	448	0	1	0	0	0	0	0	0		SL,448
SC	448	0	1	0	0	0	0	0	0		SC,448
SL	449	0	0	0	1	0	0	0	0		SL,449
SC	449	0	0	0	1	0	0	0	0		SC,449
SL	450	0	1	0	0	0	0	0	0		SL,450
SC	450	0	1	0	0	0	0	0	0		SC,450
SL	451	0	0	0	0	0	0	1	0		SL,451
SC	451	0	0	0	0	0	0	1	0		SC,451
SL	452	0	0	0	0	0	0	1	0		SL,452
SC	452	0	0	0	0	0	1	0	0		SC,452
SL	453	0	0	0	0	0	0	1	0		SL,453
SC	453	0	0	1	0	0	0	1	0		SC,453
SL	454	0	0	1	0	0	0	0	0		SL,454
SC	454	0	0	1	0	0	0	0	0		SC,454
SL	455	0	1	0	0	0	0	0	0		SL,455
SC	455	0	1	0	0	0	0	0	0		SC,455
SL	456	0	0	0	0	0	0	1	0		SL,456
SC	456	0	0	0	0	0	0	1	0		SC,456
SL	457	0	0	0	0	0	0	1	0		SL,457
SC	457	0	0	0	0	0	0	1	0		SC,457
SL	458	0	1	0	0	0	0	0	0		SL,458
SC	458	0	0	1	0	0	0	0	0		SC,458
SL	459	0	0	0	0	0	0	1	0		SL,459
SC	459	0	0	0	0	0	0	1	0		SC,459
SL	460	0	0	0	0	0	0	1	0		SL,460
SC	460	0	0	0	0	0	0	1	0		SC,460
SL	461	0	0	0	0	0	0	1	0		SL,461
SC	461	0	0	0	0	0	0	1	0		SC,461
SL	462	0	1	0	0	0	0	0	0		SL,462
SC	462	0	1	0	0	0	0	0	0		SC,462
SL	463	0	1	0	0	0	0	0	0		SL,463
SC	463	0	1	0	0	0	0	0	0		SC,463
SL	464	0	0	0	1	0	0	0	0		SL,464
SC	464	0	0	0	1	0	0	0	0		SC,464
SL	465	0	0	0	1	0	0	0	0		SL,465
SC	465	0	0	0	1	0	0	0	0		SC,465
SL	466	0	0	0	0	0	0	1	0		SL,466
SC	466	0	0	0	0	0	0	1	0		SC,466
SL	467	0	1	0	0	0	0	0	0		SL,467
SC	467	0	1	0	0	0	0	0	0		SC,467
SL	468	0	0	0	1	0	0	0	0		SL,468
SC	468	0	0	0	1	0	0	0	0		SC,468
SL	469	1	0	0	0	0	0	0	0		SL,469
SC	469	1	0	1	0	0	0	0	0		SC,469
SL	470	0	0	0	0	0	0	1	0		SL,470
SC	470	0	0	0	0	0	0	1	0		SC,470
SL	471	0	0	0	1	0	0	0	0		SL,471
SC	471	0	0	0	1	0	0	0	0		SC,471
SL	472	0	0	0	0	0	0	1	0		SL,472
SC	472	0	0	0	0	0	0	1	0		SC,472
SL	473	0	0	0	0	0	0	1	0		SL,473
SC	473	0	0	0	0	0	0	1	0		SC,473
SL	474	0	0	0	1	0	0	0	0		SL,474
SC	474	0	0	0	1	0	0	0	0		SC,474
SL	475	0	0	0	0	0	0	1	0		SL,475
SC	475	0	0	0	0	0	0	1	0		SC,475
SL	476	0	0	0	0	0	1	0	0		SL,476
SC	476	0	0	0	0	0	1	0	0		SC,476
SL	477	0	1	0	0	0	0	0	0		SL,477
SC	477	0	1	0	0	0	0	0	0		SC,477
SL	478	0	0	0	0	0	0	1	0		SL,478
SC	478	0	0	0	0	0	0	1	0		SC,478
SL	479	0	0	1	0	0	0	0	0		SL,479
SC	479	0	0	1	0	0	0	0	0		SC,479
SL	480	0	0	0	0	0	0	1	0		SL,480
SC	480	0	0	0	0	0	0	1	0		SC,480
SL	481	0	0	0	1	0	0	0	0		SL,481
SC	481	0	0	0	1	0	0	0	0		SC,481
SL	482	0	0	0	1	0	0	0	0		SL,482
SC	482	0	0	0	1	0	0	0	0		SC,482
SL	483	0	0	1	0	0	0	0	0		SL,483
SC	483	0	0	1	0	0	0	0	0		SC,483
SL	484	0	0	0	0	0	0	1	0		SL,484
SC	484	0	0	0	0	0	0	1	0		SC,484
SL	485	0	0	0	0	0	1	0	0		SL,485
SC	485	0	0	0	0	0	1	0	0		SC,485
SL	486	0	0	0	0	0	0	1	0		SL,486
SC	486	0	0	0	0	0	0	1	0		SC,486
SL	487	0	0	1	0	0	0	0	0		SL,487
SC	487	0	0	1	0	0	0	0	0		SC,487
SL	488	0	0	0	0	0	0	1	0		SL,488
SC	488	0	0	0	0	0	0	1	0		SC,488
SL	489	0	1	0	0	0	0	0	0		SL,489
SC	489	0	1	0	0	0	0	0	0		SC,489
SL	490	0	0	0	0	0	0	1	0		SL,490
SC	490	0	0	0	0	0	0	1	0		SC,490
SL	491	0	0	0	1	0	0	0	0		SL,491
SC	491	0	0	0	1	0	0	0	0		SC,491
SL	492	0	0	0	0	0	0	1	0		SL,492
SC	492	0	0	0	0	0	0	1	0		SC,492
SL	493	0	0	0	0	0	0	1	0		SL,493
SC	493	0	0	1	0	0	0	0	0		SC,493
SL	494	0	0	0	0	0	0	1	0		SL,494
SC	494	0	0	0	0	0	0	1	0		SC,494
SL	495	0	0	1	0	0	0	0	0		SL,495
SC	495	0	0	1	0	0	0	0	0		SC,495
SL	496	0	0	0	0	0	0	1	0		SL,496
SC	496	0	0	0	0	0	0	1	0		SC,496
SL	497	0	0	1	0	0	0	0	0		SL,497
SC	497	0	0	1	0	0	0	0	0		SC,497
SL	498	0	0	0	0	0	0	1	0		SL,498
SC	498	0	0	0	0	0	0	1	0		SC,498
SL	499	0	0	0	1	0	0	0	0		SL,499
SC	499	0	0	0	1	0	0	0	0		SC,499
SL	500	0	0	0	0	0	0	1	0		SL,500
SC	500	0	0	0	0	0	0	1	0		SC,500
SL	501	0	0	0	0	0	1	0	0		SL,501
SC	501	0	0	0	0	0	0	1	0		SC,501
SL	502	0	0	0	1	0	0	0	0		SL,502
SC	502	0	0	0	1	0	0	0	0		SC,502
SL	503	0	0	1	0	0	0	0	0		SL,503
SC	503	0	0	1	0	0	0	0	0		SC,503
SL	504	0	0	0	0	0	0	1	0		SL,504
SC	504	0	0	0	0	0	0	1	0		SC,504
SL	505	0	0	0	0	0	0	1	0		SL,505
SC	505	0	0	0	0	0	0	1	0		SC,505
SL	506	0	0	0	0	0	0	1	0		SL,506
SC	506	0	0	0	0	0	0	1	0		SC,506
SL	507	0	0	0	1	0	0	0	0		SL,507
SC	507	0	0	0	1	0	0	0	0		SC,507
SL	508	0	0	1	0	0	0	0	0		SL,508
SC	508	0	0	1	0	0	0	0	0		SC,508
SL	509	0	0	0	0	0	0	1	0		SL,509
SC	509	0	0	0	0	0	0	1	0		SC,509
SL	510	1	0	0	0	0	0	0	0		SL,510
SC	510	1	0	0	0	0	0	0	0		SC,510
SL	511	0	0	0	1	0	0	0	0		SL,511
SC	511	0	0	0	1	0	0	0	0		SC,511
SL	512	0	0	0	0	0	0	1	0		SL,512
SC	512	0	0	0	0	0	0	1	0		SC,512
SL	513	1	0	0	0	0	0	0	0		SL,513
SC	513	1	0	0	0	0	0	0	0		SC,513
SL	514	0	0	0	0	0	0	1	0		SL,514
SC	514	0	0	0	0	0	0	1	0		SC,514
SL	515	0	0	0	1	0	0	0	0		SL,515
SC	515	0	0	0	1	0	0	0	0		SC,515
SL	516	0	0	0	0	0	0	1	0		SL,516
SC	516	0	0	0	0	0	0	1	0		SC,516
SL	517	0	1	0	0	0	0	0	0		SL,517
SC	517	0	1	0	0	0	0	0	0		SC,517
SL	518	0	0	0	0	0	0	1	0		SL,518
SC	518	0	0	0	0	0	0	1	0		SC,518
SL	519	0	0	0	1	0	0	0	0		SL,519
SC	519	0	0	0	1	0	0	0	0		SC,519
SL	520	0	0	1	0	0	0	0	0		SL,520
SC	520	0	0	1	0	1	0	0	0		SC,520
SL	521	1	0	0	0	0	0	0	0		SL,521
SC	521	1	0	0	0	0	0	0	1		SC,521
SL	522	0	1	0	0	0	0	0	0		SL,522
SC	522	0	1	0	0	0	0	0	0		SC,522
SL	523	0	1	0	0	0	0	0	0		SL,523
SC	523	0	1	0	0	0	0	0	0		SC,523
SL	524	0	1	0	0	0	0	0	0		SL,524
SC	524	0	1	0	0	0	0	0	0		SC,524
SL	525	0	0	0	1	0	0	0	0		SL,525
SC	525	0	0	0	1	0	0	0	0		SC,525
SL	526	0	0	0	1	0	0	0	0		SL,526
SC	526	0	0	1	1	0	0	0	0		SC,526
SL	527	0	0	0	1	0	0	0	0		SL,527
SC	527	0	0	0	1	0	0	0	0		SC,527
SL	528	0	0	0	1	0	0	0	0		SL,528
SC	528	0	0	0	0	0	0	1	0		SC,528
SL	529	1	0	0	0	0	0	0	0		SL,529
SC	529	1	0	0	0	0	0	1	0		SC,529
SL	530	0	0	0	0	0	0	1	0		SL,530
SC	530	0	0	0	0	0	0	1	0		SC,530
SL	531	0	0	0	0	0	0	1	0		SL,531
SC	531	0	0	0	0	0	0	1	0		SC,531
SL	532	0	0	1	0	0	0	0	0		SL,532
SC	532	0	0	1	0	0	0	0	0		SC,532
SL	533	0	0	0	0	0	0	1	0		SL,533
SC	533	0	0	1	0	0	0	0	0		SC,533
SL	534	0	0	0	1	0	0	0	0		SL,534
SC	534	0	0	0	1	0	0	0	0		SC,534
SL	535	0	0	0	0	0	1	0	0		SL,535
SC	535	0	0	0	0	0	0	1	0		SC,535
SL	536	0	1	0	0	0	0	0	0		SL,536
SC	536	0	1	0	0	0	0	0	0		SC,536
SL	537	0	0	1	0	0	0	0	0		SL,537
SC	537	0	0	0	0	0	1	0	0		SC,537
SL	538	0	0	0	1	0	0	0	0		SL,538
SC	538	0	0	0	1	0	0	0	0		SC,538
SL	539	0	1	0	0	0	0	0	0		SL,539
SC	539	0	1	0	0	0	0	0	0		SC,539
SL	540	0	0	1	0	0	0	0	0		SL,540
SC	540	0	0	1	0	0	0	0	0		SC,540
SL	541	0	0	0	0	0	0	1	0		SL,541
SC	541	0	0	0	0	0	0	1	0		SC,541
SL	542	0	0	0	0	0	0	1	0		SL,542
SC	542	1	0	0	0	0	0	1	0		SC,542
SL	543	0	0	0	0	0	0	1	0		SL,543
SC	543	0	0	0	0	0	0	1	0		SC,543
SL	544	0	0	0	0	0	0	1	0		SL,544
SC	544	1	0	0	0	0	0	1	0		SC,544
SL	545	0	0	0	0	0	0	1	0		SL,545
SC	545	0	0	0	0	0	0	1	0		SC,545
SL	546	0	1	0	0	0	0	0	0		SL,546
SC	546	0	1	0	0	0	0	0	0		SC,546
SL	547	0	0	0	1	0	0	0	0		SL,547
SC	547	0	0	0	1	0	0	0	0		SC,547
SL	548	0	0	0	0	0	0	1	0		SL,548
SC	548	0	0	0	0	0	0	1	0		SC,548
SL	549	0	0	0	0	0	0	1	0		SL,549
SC	549	0	0	1	0	0	0	0	0		SC,549
SL	550	0	0	0	0	0	0	1	0		SL,550
SC	550	0	1	0	0	0	0	0	0		SC,550
SL	551	0	0	0	0	0	1	0	0		SL,551
SC	551	0	0	0	0	0	1	0	0		SC,551
SL	552	0	0	0	1	0	0	0	0		SL,552
SC	552	0	0	0	1	0	0	0	0		SC,552
SL	553	0	0	0	0	0	0	1	0		SL,553
SC	553	1	0	0	0	0	0	1	0		SC,553
SL	554	0	0	0	0	0	0	1	0		SL,554
SC	554	0	0	0	0	0	0	1	0		SC,554
SL	555	0	0	0	0	0	0	1	0		SL,555
SC	555	0	0	0	0	0	0	1	0		SC,555
SL	556	0	0	0	1	0	0	0	0		SL,556
SC	556	0	0	0	1	0	0	0	0		SC,556
SL	557	0	0	1	0	0	0	0	0		SL,557
SC	557	0	0	1	0	0	0	0	0		SC,557
SL	558	0	1	0	0	0	0	0	0		SL,558
SC	558	0	1	0	0	0	0	0	0		SC,558
SL	559	0	1	0	0	0	0	0	0		SL,559
SC	559	0	1	0	0	0	0	0	0		SC,559
SL	560	0	0	0	0	0	0	1	0		SL,560
SC	560	0	0	0	0	0	0	1	0		SC,560
SL	561	0	0	0	0	0	0	1	0		SL,561
SC	561	0	0	0	1	0	0	0	0		SC,561
SL	562	0	0	0	1	0	0	0	0		SL,562
SC	562	0	0	0	1	0	0	0	0		SC,562
SL	563	0	0	0	1	0	0	0	0		SL,563
SC	563	0	0	0	1	0	0	0	0		SC,563
SL	564	0	0	0	1	0	0	0	0		SL,564
SC	564	0	0	0	1	0	0	0	0		SC,564
SL	565	0	0	0	1	0	0	0	0		SL,565
SC	565	0	0	0	0	1	0	0	0		SC,565
SL	566	0	0	0	1	0	0	0	0		SL,566
SC	566	0	0	0	1	0	0	0	0		SC,566
SL	567	0	1	0	0	0	0	0	0		SL,567
SC	567	0	1	0	0	0	0	0	0		SC,567
SL	568	0	0	1	0	0	0	0	0		SL,568
SC	568	0	0	1	0	0	0	0	0		SC,568
SL	569	0	0	0	0	0	0	1	0		SL,569
SC	569	0	0	0	0	0	0	1	0		SC,569
SL	570	0	0	0	0	0	0	1	0		SL,570
SC	570	0	0	1	0	0	0	1	0		SC,570
SL	571	0	0	0	0	0	0	1	0		SL,571
SC	571	0	0	0	0	0	0	1	0		SC,571
SL	572	0	1	0	0	0	0	0	0		SL,572
SC	572	0	0	1	0	0	0	0	0		SC,572
SL	573	0	0	0	0	0	0	1	0		SL,573
SC	573	0	1	1	0	0	0	0	0		SC,573
SL	574	0	0	0	0	0	1	0	0		SL,574
SC	574	0	0	0	0	0	0	0	0		SC,574
SL	575	0	1	0	0	0	0	0	0		SL,575
SC	575	0	1	0	0	0	0	0	0		SC,575
SL	576	0	0	0	0	0	0	1	0		SL,576
SC	576	1	0	0	0	0	0	1	0		SC,576
SL	577	0	0	0	0	0	0	1	0		SL,577
SC	577	0	0	0	0	0	0	1	0		SC,577
SL	578	0	0	0	0	0	0	1	0		SL,578
SC	578	0	0	0	0	0	0	1	0		SC,578
SL	579	0	0	0	0	0	0	1	0		SL,579
SC	579	0	1	0	0	0	0	0	0		SC,579
SL	580	0	0	0	0	1	0	0	0		SL,580
SC	580	0	0	0	0	1	0	0	0		SC,580
SL	581	0	0	1	0	0	0	0	0		SL,581
SC	581	0	0	1	0	0	0	0	0		SC,581
SL	582	1	0	0	0	0	0	0	0		SL,582
SC	582	1	0	0	0	0	0	0	0		SC,582
SL	583	0	0	0	0	0	0	1	0		SL,583
SC	583	0	0	0	0	0	0	1	0		SC,583
SL	584	0	0	0	1	0	0	0	0		SL,584
SC	584	0	0	0	0	0	0	0	0		SC,584
SL	585	0	0	0	1	0	0	0	0		SL,585
SC	585	0	0	0	1	0	0	0	0		SC,585
SL	586	0	0	0	1	0	0	0	0		SL,586
SC	586	0	0	0	1	0	0	0	0		SC,586
SL	587	0	0	0	1	0	0	0	0		SL,587
SC	587	0	0	0	0	0	0	1	0		SC,587
SL	588	0	0	0	1	0	0	0	0		SL,588
SC	588	0	0	0	1	0	0	0	0		SC,588
SL	589	0	1	0	0	0	0	0	0		SL,589
SC	589	0	1	0	0	0	0	0	0		SC,589
SL	590	0	0	0	0	0	0	1	0		SL,590
SC	590	0	0	0	0	0	0	1	0		SC,590
SL	591	0	0	0	1	0	0	0	0		SL,591
SC	591	0	0	0	1	0	0	0	0		SC,591
SL	592	0	0	0	1	0	0	0	0		SL,592
SC	592	0	0	0	1	0	0	0	0		SC,592
SL	593	0	0	1	0	0	0	0	0		SL,593
SC	593	0	0	1	0	0	0	0	0		SC,593
SL	594	0	0	0	0	0	1	0	0		SL,594
SC	594	0	0	0	0	0	1	0	0		SC,594
SL	595	0	0	0	0	0	0	1	0		SL,595
SC	595	0	0	0	0	0	0	1	0		SC,595
SL	596	0	0	0	0	0	0	1	0		SL,596
SC	596	0	0	0	0	0	0	1	0		SC,596
SL	597	0	1	0	0	0	0	0	0		SL,597
SC	597	0	1	0	0	0	0	0	0		SC,597
SL	598	1	0	0	0	0	0	0	0		SL,598
SC	598	1	0	0	0	0	0	0	0		SC,598
SL	599	0	0	0	1	0	0	0	0		SL,599
SC	599	0	0	1	1	0	0	0	0		SC,599
SL	600	0	1	0	0	0	0	0	0		SL,600
SC	600	0	1	0	0	0	0	0	0		SC,600